[{"Pi": [0.8219009751422791, 0.04647275055359878, 0.13162627430412163], "D_2": -0.34264723378545153, "D_3": -0.13889076989677362, "D_0": 0.3051213100338676, "D_1": 0.19599665810211558, "D_4": -0.327328211018449, "D_5": -0.7025694665214385, "Trans": [[0.8045875748469553, 0.19541242515304424, 0.0], [0.0, 0.8387093781346813, 0.16129062186531903], [0.0, 0.0, 1.0]], "Emit": [[0.6873334256442734, 0.3126665743557266], [0.36649894436725217, 0.6335010556327478], [0.14872546179489865, 0.8512745382051013]]}, {"Trans": [[0.8084554139837453, 0.1915445860162548, 0.0], [0.0, 0.9115697490219514, 0.0884302509780484], [0.0, 0.0, 1.0]], "D_2": -0.33462950511937284, "D_3": -0.11789105762974834, "D_0": 0.24355279792723997, "D_1": 0.35701703568332355, "D_4": -0.22696137798097468, "D_5": -0.5577801085502421, "Pi": [0.8387549128364516, 0.06438289782026592, 0.09686218934328181], "Emit": [[0.6640063434116984, 0.3359936565883016], [0.38070449805105133, 0.6192955019489487], [0.11570326389632843, 0.8842967361036715]]}, {"Pi": [0.28133690752229346, 0.47541192005926974, 0.2432511724184363], "D_2": -0.3559497696237795, "D_3": -0.00061442308578822484, "D_0": 0.31778681505205408, "D_1": 0.25107468704354025, "D_4": -0.227684841479496, "D_5": -0.52953410284668645, "Trans": [[0.58773042537526032, 0.41226957462473995, 0.0], [0.0, 0.88761357352733106, 0.11238642647266871], [0.0, 0.0, 1.0]], "Emit": [[0.91497676351140478, 0.085023236488595166], [0.49291448316484565, 0.50708551683515435], [0.15762151802419905, 0.8423784819758009]]}]