[{"D_17": 1.0358703406669933, "D_25": -2.7910322548032718, "D_24": 0.11467678710810525, "D_27": 1.4318695229282083, "D_26": -2.3968768197170345, "D_21": -0.4251320719003007, "D_20": -1.5356891686282907, "D_23": -0.8006563560100753, "D_22": -0.5213898639178906, "Pi": [0.6446929010077875, 0.09203672260189286, 0.2632703763903194], "D_29": -0.9588560340989721, "D_28": 1.9375171507079207, "D_8": -1.5161187371180858, "D_9": 1.5627960533605876, "D_2": 2.04224430499522, "D_3": -1.125167145482753, "D_0": 0.45347340543588094, "D_1": -0.9825163015172064, "D_6": -1.4629697005487534, "D_7": -0.20455157602169927, "D_4": 0.9876903532923714, "D_5": -1.5131217369760535, "Trans": [[0.9075813297215967, 0.09241867027840375, 0.0], [0.0, 0.9485780483136327, 0.051421951686366554], [0.0, 0.0, 1.0]], "Emit": [[0.4498636782031201, 0.5501363217968799], [0.18389812794357452, 0.8161018720564255], [0.08312933666320313, 0.9168706633367969]], "D_18": -0.8651140450040612, "D_19": 0.16691777161377533, "D_14": -0.3339982643278423, "D_15": -0.049678632911088615, "D_16": 0.3634975477854912, "D_31": 1.3280123664818557, "D_10": 1.6666534554890586, "D_11": 2.117347044429128, "D_12": 1.234775515234502, "D_13": 1.838060512214792, "D_30": 1.8473127395587456}, {"D_31": 1.1580397758207535, "D_25": -1.9304715104866643, "D_24": 0.054942185391295084, "D_27": 1.5756355293150808, "D_26": -2.4012083197269356, "D_21": -0.030641477643527665, "D_20": -1.5130863435790014, "D_23": -0.6113434460921436, "D_22": -0.1756878236536644, "Pi": [0.5434105839790336, 0.13717741608169265, 0.31941199993927416], "D_29": -1.0033407927201714, "D_28": 2.0700961807761913, "D_8": -1.599471008271536, "D_9": 2.0521827508685697, "D_2": 1.8715669403349628, "D_3": -0.7482387820840877, "D_0": 0.6708718964278776, "D_1": -0.6123132708534408, "D_6": -1.525822875493339, "D_7": -0.278181102501678, "D_4": 1.1385468594152905, "D_5": -0.858556087494514, "Trans": [[0.8014771998171889, 0.19852280018281046, 0.0], [0.0, 0.9702893260105029, 0.029710673989497283], [0.0, 0.0, 1.0]], "Emit": [[0.4028668934171097, 0.5971331065828903], [0.18417630046896105, 0.815823699531039], [0.07934075623529828, 0.9206592437647018]], "D_18": -0.3163590099639271, "D_19": 0.7341128243177857, "D_14": -0.02669820544029136, "D_15": -0.07511135025898832, "D_16": 0.5118525990665808, "D_17": 1.214294700837975, "D_10": 1.7324998538192955, "D_11": 1.8371167320277482, "D_12": 1.1198069900192136, "D_13": 1.580100830007842, "D_30": 1.7474352497461034}, {"D_17": 0.42604121284925112, "D_25": -1.7388024146926477, "D_24": -0.11106643887745068, "D_27": 1.0808103687874311, "D_26": -1.622268221265285, "D_21": -0.40012256848741606, "D_20": -1.5792477701938614, "D_23": -0.99010726706342256, "D_22": -0.6359584939248808, "Pi": [0.39797085122479975, 0.38793213262027565, 0.21409701615492446], "D_29": -1.2700815744135925, "D_28": 1.3358576611281012, "D_8": -1.7722326612216535, "D_9": 1.3405918010922002, "D_2": 1.5883726897129362, "D_3": -1.340058628567431, "D_0": 0.20253817553140963, "D_1": -1.0720712095971483, "D_6": -1.4469338331100057, "D_7": -0.64285743879931379, "D_4": 0.53784263917639108, "D_5": -1.2719054637044038, "Trans": [[0.85610109741997942, 0.14389890258001978, 0.0], [0.0, 0.93988452753594676, 0.060115472464053486], [0.0, 0.0, 1.0]], "Emit": [[0.55903000911781753, 0.44096999088218247], [0.27121576010792525, 0.72878423989207475], [0.13319795369984061, 0.86680204630015933]], "D_18": -1.034155261481043, "D_19": 0.11763728110507091, "D_14": -0.81952085509134887, "D_15": -0.38481223099643874, "D_16": 0.25176080023226849, "D_31": 0.64241592282220217, "D_10": 1.2092706012070826, "D_11": 0.67843985923329142, "D_12": 0.70309026252845275, "D_13": 1.474132394359764, "D_30": 1.2173910046820406}]