[{"D_25": -1.405548949270072, "D_24": -0.516357560847189, "D_21": -0.09153192271569553, "D_20": -1.7785971104150886, "D_23": 1.0597420953363774, "D_22": -1.266105348800007, "Pi": [0.8054026800357443, 0.16512036829151855, 0.029476951672737128], "D_8": 0.944609845867586, "D_9": 1.1118155149581443, "D_2": 0.7395877703298346, "D_3": 0.5611577618912218, "D_0": -1.4823558437193263, "D_1": 1.2905009975646533, "D_6": 1.1312922189472545, "D_7": -0.14815207231612823, "D_4": -0.956049984264005, "D_5": -0.7767957419450041, "Trans": [[0.799541437517593, 0.20045856248240568, 0.0], [0.0, 0.8950853350188819, 0.1049146649811183], [0.0, 0.0, 1.0]], "Emit": [[0.49832779163877894, 0.5016722083612211], [0.19943961330864912, 0.8005603866913509], [0.09170278930017363, 0.9082972106998264]], "D_18": 2.0476653217412264, "D_19": 1.016857651381523, "D_14": -1.0944035277575057, "D_15": 0.5416009266000349, "D_16": -1.366544372315002, "D_17": 1.105982402373853, "D_10": -0.10318035122599879, "D_11": 0.9695278295911834, "D_12": 0.7253442520736477, "D_13": -2.0694250081509002}, {"D_25": -1.6539956850542832, "D_24": -1.0203414179896775, "D_21": -0.5871620103171653, "D_20": -2.404401846278412, "D_23": 1.2349838421225021, "D_22": -1.4376841783670191, "Pi": [0.44267039232513744, 0.5315846021793265, 0.0257450054955354], "D_8": 0.6986753717117576, "D_9": 0.9126370393205576, "D_2": 0.3939802330617142, "D_3": 0.38066149400245647, "D_0": -1.8210585282391958, "D_1": 0.7226297401786596, "D_6": 1.0064772073803805, "D_7": -0.25866855404991623, "D_4": -0.9683029601381077, "D_5": -0.3389159305370243, "Trans": [[0.829910114065457, 0.1700898859345441, 0.0], [0.0, 0.7712252264084982, 0.22877477359150247], [0.0, 0.0, 1.0]], "Emit": [[0.5993091415077407, 0.4006908584922592], [0.3570527944663969, 0.6429472055336031], [0.12512736788339182, 0.8748726321166082]], "D_18": 1.9658340660260767, "D_19": 0.6445735935030212, "D_14": -0.8826795320467116, "D_15": 0.04016151204559003, "D_16": -2.169205812967453, "D_17": 0.948816451858379, "D_10": -0.3657330696547415, "D_11": 0.7327872293771353, "D_12": 0.32352296220875, "D_13": -1.8906241778510269}, {"D_25": -1.8465766133902968, "D_24": -0.50018573090761298, "D_21": 0.19715149094071222, "D_20": -1.0843055399958796, "D_23": 1.4208811542540836, "D_22": -1.1006018608145349, "Pi": [0.91561485194429615, 0.05087467194342505, 0.033510476112278101], "D_8": 1.1808664515808627, "D_9": 1.3228663245036461, "D_2": 0.78546625036214957, "D_3": 0.69204841411677664, "D_0": -1.4797938850410111, "D_1": 1.51571372885217, "D_6": 1.4515588990995947, "D_7": 0.20140081161680423, "D_4": -0.34355426640063463, "D_5": 0.061616128749068105, "Trans": [[0.80572317517068848, 0.19427682482931108, 0.0], [0.0, 0.80807746954718918, 0.19192253045281099], [0.0, 0.0, 1.0]], "Emit": [[0.36084503567729675, 0.63915496432270325], [0.15480904303167797, 0.84519095696832203], [0.079681971428941123, 0.92031802857105882]], "D_18": 2.3629492133033301, "D_19": 1.2566096745284416, "D_14": -0.63578552081099804, "D_15": 0.99132793571988498, "D_16": -0.83459971538062505, "D_17": 1.1134282347246844, "D_10": 0.17727726788570417, "D_11": 1.3013909339036247, "D_12": 0.86975823395384977, "D_13": -1.7815064643013609}]