[{"D_31": 0.0, "D_45": 0.0, "D_36": 0.0, "D_22": 0.0, "D_37": 0.0, "D_25": 0.0, "D_24": 0.0, "D_27": 0.0, "D_26": 0.0, "D_21": 0.0, "D_20": 0.0, "D_23": 0.0, "D_44": 0.0, "D_49": 0.0, "Pi": [0.9536411704463149, 0.029363078693877064, 0.016995750859808006], "D_29": 0.0, "D_28": 0.0, "D_48": 0.0, "D_8": 0.0, "D_9": 0.0, "D_2": 0.0, "D_3": 0.0, "D_0": 0.0, "D_1": 0.0, "D_6": 0.0, "D_7": 0.0, "D_4": 0.0, "D_5": 0.0, "D_50": 0.0, "D_51": 0.0, "D_52": 0.0, "D_53": 0.0, "D_54": 0.0, "D_55": 0.0, "D_56": 0.0, "D_57": 0.0, "Trans": [[0.9161887373627263, 0.08381126263727183, 0.0], [0.0, 0.9869591590424124, 0.013040840957587367], [0.0, 0.0, 1.0]], "Emit": [[0.663838417235689, 0.3361615827643109], [0.35258922512217017, 0.6474107748778298], [0.11546331697317064, 0.8845366830268293]], "D_41": 0.0, "D_43": 0.0, "D_38": 0.0, "D_39": 0.0, "D_18": 0.0, "D_19": 0.0, "D_42": 0.0, "D_14": 0.0, "D_15": 0.0, "D_16": 0.0, "D_17": 0.0, "D_10": 0.0, "D_11": 0.0, "D_12": 0.0, "D_13": 0.0, "D_32": 0.0, "D_40": 0.0, "D_34": 0.0, "D_33": 0.0, "D_47": 0.0, "D_35": 0.0, "D_30": 0.0, "D_46": 0.0}, {"D_17": 0.0, "D_45": 0.0, "D_10": 0.0, "D_22": 0.0, "D_11": 0.0, "D_25": 0.0, "D_24": 0.0, "D_27": 0.0, "D_26": 0.0, "D_21": 0.0, "D_20": 0.0, "D_23": 0.0, "D_44": 0.0, "D_49": 0.0, "D_48": 0.0, "D_29": 0.0, "D_28": 0.0, "Pi": [0.9421156999754529, 0.03839956179983988, 0.0194847382247073], "D_8": 0.0, "D_9": 0.0, "D_2": 0.0, "D_3": 0.0, "D_0": 0.0, "D_1": 0.0, "D_6": 0.0, "D_7": 0.0, "D_4": 0.0, "D_5": 0.0, "D_50": 0.0, "D_51": 0.0, "D_52": 0.0, "D_53": 0.0, "D_54": 0.0, "D_55": 0.0, "D_56": 0.0, "D_57": 0.0, "Trans": [[0.8920341573099142, 0.10796584269008411, 0.0], [0.0, 0.9721791339311847, 0.027820866068815567], [0.0, 0.0, 1.0]], "Emit": [[0.6752304931692898, 0.32476950683071015], [0.3834454720293492, 0.6165545279706508], [0.16468364236885785, 0.8353163576311422]], "D_41": 0.0, "D_43": 0.0, "D_38": 0.0, "D_39": 0.0, "D_18": 0.0, "D_19": 0.0, "D_42": 0.0, "D_14": 0.0, "D_15": 0.0, "D_16": 0.0, "D_31": 0.0, "D_36": 0.0, "D_37": 0.0, "D_12": 0.0, "D_13": 0.0, "D_32": 0.0, "D_40": 0.0, "D_34": 0.0, "D_33": 0.0, "D_47": 0.0, "D_35": 0.0, "D_30": 0.0, "D_46": 0.0}, {"D_31": 0.0, "D_45": 0.0, "D_36": 0.0, "D_22": 0.0, "D_37": 0.0, "D_25": 0.0, "D_24": 0.0, "D_27": 0.0, "D_26": 0.0, "D_21": 0.0, "D_20": 0.0, "D_23": 0.0, "D_44": 0.0, "D_49": 0.0, "Pi": [0.9610658209376496, 0.019169134350558236, 0.0197650447117918], "D_29": 0.0, "D_28": 0.0, "D_48": 0.0, "D_8": 0.0, "D_9": 0.0, "D_2": 0.0, "D_3": 0.0, "D_0": 0.0, "D_1": 0.0, "D_6": 0.0, "D_7": 0.0, "D_4": 0.0, "D_5": 0.0, "D_50": 0.0, "D_51": 0.0, "D_52": 0.0, "D_53": 0.0, "D_54": 0.0, "D_55": 0.0, "D_56": 0.0, "D_57": 0.0, "Trans": [[0.8981069250126368, 0.10189307498736276, 0.0], [0.0, 0.6232983173097417, 0.3767016826902588], [0.0, 0.0, 1.0]], "Emit": [[0.6303507385613868, 0.3696492614386132], [0.4904882183975222, 0.5095117816024778], [0.26549375520240437, 0.7345062447975956]], "D_41": 0.0, "D_43": 0.0, "D_38": 0.0, "D_39": 0.0, "D_18": 0.0, "D_19": 0.0, "D_42": 0.0, "D_14": 0.0, "D_15": 0.0, "D_16": 0.0, "D_17": 0.0, "D_10": 0.0, "D_11": 0.0, "D_12": 0.0, "D_13": 0.0, "D_32": 0.0, "D_40": 0.0, "D_34": 0.0, "D_33": 0.0, "D_47": 0.0, "D_35": 0.0, "D_30": 0.0, "D_46": 0.0}, {"D_17": 0.0, "D_45": 0.0, "D_10": 0.0, "D_22": 0.0, "D_11": 0.0, "D_25": 0.0, "D_24": 0.0, "D_27": 0.0, "D_26": 0.0, "D_21": 0.0, "D_20": 0.0, "D_23": 0.0, "D_44": 0.0, "D_61": 0.0, "D_60": 0.0, "D_49": 0.0, "D_48": 0.0, "D_29": 0.0, "D_28": 0.0, "D_62": 0.0, "Pi": [0.9540969440943267, 0.02750422021322584, 0.01839883569244907], "D_8": 0.0, "D_9": 0.0, "D_2": 0.0, "D_3": 0.0, "D_0": 0.0, "D_1": 0.0, "D_6": 0.0, "D_7": 0.0, "D_4": 0.0, "D_5": 0.0, "D_50": 0.0, "D_51": 0.0, "D_52": 0.0, "D_53": 0.0, "D_54": 0.0, "D_55": 0.0, "D_56": 0.0, "D_57": 0.0, "D_58": 0.0, "D_59": 0.0, "Trans": [[0.9231127820586991, 0.07688721794130036, 0.0], [0.0, 0.8498518014712243, 0.15014819852877742], [0.0, 0.0, 1.0]], "Emit": [[0.6259793488108781, 0.37402065118912187], [0.4058304151451121, 0.5941695848548879], [0.17358156976811182, 0.8264184302318882]], "D_41": 0.0, "D_43": 0.0, "D_38": 0.0, "D_39": 0.0, "D_18": 0.0, "D_19": 0.0, "D_42": 0.0, "D_14": 0.0, "D_15": 0.0, "D_16": 0.0, "D_31": 0.0, "D_36": 0.0, "D_37": 0.0, "D_12": 0.0, "D_13": 0.0, "D_32": 0.0, "D_40": 0.0, "D_34": 0.0, "D_33": 0.0, "D_47": 0.0, "D_35": 0.0, "D_30": 0.0, "D_46": 0.0}, {"D_31": 0.0, "D_45": 0.0, "D_36": 0.0, "D_22": 0.0, "D_43": 0.0, "D_37": 0.0, "D_25": 0.0, "D_24": 0.0, "D_27": 0.0, "D_26": 0.0, "D_21": 0.0, "D_20": 0.0, "D_23": 0.0, "D_44": 0.0, "D_61": 0.0, "D_60": 0.0, "D_49": 0.0, "D_62": 0.0, "D_29": 0.0, "D_28": 0.0, "D_48": 0.0, "D_8": 0.0, "D_9": 0.0, "D_2": 0.0, "D_3": 0.0, "D_0": 0.0, "D_1": 0.0, "D_6": 0.0, "D_7": 0.0, "D_4": 0.0, "D_5": 0.0, "D_50": 0.0, "D_51": 0.0, "D_52": 0.0, "D_53": 0.0, "D_54": 0.0, "D_55": 0.0, "D_56": 0.0, "D_57": 0.0, "D_58": 0.0, "D_59": 0.0, "Trans": [[0.9112571112224718, 0.08874288877752863, 0.0], [0.0, 0.9716558658730073, 0.028344134126992146], [0.0, 0.0, 1.0]], "Emit": [[0.6686000880817234, 0.33139991191827656], [0.3721101224671173, 0.6278898775328827], [0.11988980302482867, 0.8801101969751713]], "D_41": 0.0, "Pi": [0.9601762560905714, 0.015274485402948325, 0.02454925850648094], "D_38": 0.0, "D_39": 0.0, "D_18": 0.0, "D_19": 0.0, "D_42": 0.0, "D_14": 0.0, "D_15": 0.0, "D_16": 0.0, "D_17": 0.0, "D_10": 0.0, "D_11": 0.0, "D_12": 0.0, "D_13": 0.0, "D_32": 0.0, "D_40": 0.0, "D_34": 0.0, "D_33": 0.0, "D_47": 0.0, "D_35": 0.0, "D_30": 0.0, "D_46": 0.0}, {"D_17": 0.0, "D_45": 0.0, "D_10": 0.0, "D_22": 0.0, "D_13": 0.0, "D_11": 0.0, "D_25": 0.0, "D_24": 0.0, "D_27": 0.0, "D_26": 0.0, "D_21": 0.0, "D_20": 0.0, "D_23": 0.0, "D_44": 0.0, "D_61": 0.0, "D_60": 0.0, "D_49": 0.0, "D_48": 0.0, "D_29": 0.0, "D_28": 0.0, "D_62": 0.0, "D_12": 0.0, "Pi": [0.95699662930244367, 0.026882486717596854, 0.016120883979960518], "D_8": 0.0, "D_9": 0.0, "D_2": 0.0, "D_3": 0.0, "D_0": 0.0, "D_1": 0.0, "D_6": 0.0, "D_7": 0.0, "D_4": 0.0, "D_5": 0.0, "D_50": 0.0, "D_51": 0.0, "D_52": 0.0, "D_53": 0.0, "D_54": 0.0, "D_55": 0.0, "D_56": 0.0, "D_57": 0.0, "D_58": 0.0, "D_59": 0.0, "Trans": [[0.9298728964852162, 0.070127103514783615, 0.0], [0.0, 0.98590403425712947, 0.014095965742870304], [0.0, 0.0, 1.0]], "Emit": [[0.67168384173214446, 0.32831615826785548], [0.35148599421162008, 0.64851400578837992], [0.12023462538594025, 0.87976537461405979]], "D_41": 0.0, "D_43": 0.0, "D_38": 0.0, "D_39": 0.0, "D_18": 0.0, "D_19": 0.0, "D_42": 0.0, "D_14": 0.0, "D_15": 0.0, "D_16": 0.0, "D_31": 0.0, "D_36": 0.0, "D_37": 0.0, "D_34": 0.0, "D_35": 0.0, "D_32": 0.0, "D_40": 0.0, "D_33": 0.0, "D_47": 0.0, "D_30": 0.0, "D_46": 0.0}]