[{"D_8": 0.1373242374085527, "D_9": 0.23225284495579976, "D_2": 0.3579583892570559, "D_3": 1.6256320626115668, "D_0": 0.11171463845311383, "D_1": 2.2672259586738353, "D_6": -1.7809022695812589, "D_11": -0.3697693557541372, "D_4": -0.6961105498359822, "D_7": 1.048405355036281, "D_5": 0.39919205030314003, "D_10": -0.23436419378281503, "Trans": [[0.8519747122583734, 0.14802528774162704, 0.0], [0.0, 0.33792945095624277, 0.6620705490437568], [0.0, 0.0, 1.0]], "Pi": [0.9227005185158275, 0.04272336044803868, 0.034576121036134416], "Emit": [[0.6373044348065906, 0.3626955651934094], [0.3187488272613377, 0.6812511727386623], [0.07865643682504068, 0.9213435631749594]]}, {"D_8": -0.8561645580909957, "D_9": -2.0049064945028716, "Emit": [[0.923465323498455, 0.07653467650154495], [0.8455389410758298, 0.1544610589241701], [0.47220701272062826, 0.5277929872793717]], "D_2": -1.5964973663917688, "D_3": -0.5117670251551151, "D_0": -1.7567049157763324, "D_1": 0.3990307119611864, "D_6": -3.705945026770882, "D_11": -2.2765339328293988, "D_4": -2.2808115242959754, "D_7": -0.7060996829744347, "Pi": [0.7143022024869704, 0.25414588879918143, 0.03155190871384839], "Trans": [[0.8569952466945562, 0.143004753305444, 0.0], [0.0, 0.7630890254648163, 0.23691097453518353], [0.0, 0.0, 1.0]], "D_5": -1.5654210329363758, "D_10": -1.683894723165262}, {"D_8": -1.3381657446652018, "D_9": -1.5904993993781034, "D_2": -1.3344766745730499, "D_3": 0.18029637105381263, "D_0": -1.6885679948761694, "D_1": 0.8866544423883572, "D_6": -3.4381290232186617, "D_11": -1.9807400780391062, "D_4": -2.2050091487517833, "D_7": -0.39586582157539835, "D_5": -1.5017877999045415, "D_10": -1.6247788498668603, "Trans": [[0.6604792652624261, 0.3395207347375735, 0.0], [0.0, 0.7770297918003118, 0.22297020819968855], [0.0, 0.0, 1.0]], "Pi": [0.6215024445388089, 0.3207147650611029, 0.057782790400087], "Emit": [[0.9124380080350059, 0.08756199196499417], [0.8304575285381977, 0.16954247146180235], [0.5339567826229711, 0.4660432173770289]]}, {"D_8": -0.26722322937068976, "D_9": -0.9062532021408243, "Emit": [[0.7616101087620953, 0.23838989123790463], [0.2601134675759338, 0.7398865324240662], [0.09617602456226648, 0.9038239754377335]], "D_2": -0.07991386128644615, "D_3": 1.167372650193497, "D_0": -0.11566641657644472, "D_1": 1.2836090069888515, "D_6": -2.026266246287163, "D_11": -0.8297217857384082, "D_4": -1.040782207701377, "D_7": 0.18482841448717643, "Pi": [0.7998165480446474, 0.1599505071223272, 0.0402329448330256], "Trans": [[0.857930604875858, 0.1420693951241434, 0.0], [0.0, 0.9329484444758882, 0.06705155552411123], [0.0, 0.0, 1.0]], "D_5": -0.1926671558629198, "D_10": -0.49988019563645064}, {"D_8": 0.168727841086772, "D_9": -0.6331480637550332, "D_2": -0.47233375393784344, "D_3": 0.5528696631700893, "D_0": -0.5318695196565157, "D_1": 1.3318711551597462, "D_6": -2.3059465840252233, "D_11": -1.0342019235837017, "D_4": -0.9421710928561039, "D_7": 0.621530041128677, "D_5": -0.3134444328718216, "D_10": -0.9992470004498287, "Trans": [[0.8898095858612651, 0.11019041413873608, 0.0], [0.0, 0.8119371031839467, 0.18806289681605368], [0.0, 0.0, 1.0]], "Pi": [0.2744302446187917, 0.703097477578027, 0.02247227780318164], "Emit": [[0.8330014329423215, 0.16699856705767846], [0.7227481076970188, 0.2772518923029812], [0.21487804372825295, 0.7851219562717471]]}, {"D_8": -0.6013628374040676, "D_9": -0.7040068212483821, "Emit": [[0.8728981965990716, 0.12710180340092833], [0.7104710921862969, 0.28952890781370316], [0.15314603301186236, 0.8468539669881376]], "D_2": -0.33711581630933213, "D_3": 0.8119902723023299, "D_0": -0.45675283794849814, "D_1": 1.07265972903408, "D_6": -2.3377206218110564, "D_11": -1.0512296311683476, "D_4": -1.274957335592798, "D_7": 0.3482666020608249, "Pi": [0.6626276496963985, 0.3184836703432183, 0.018888679960382977], "Trans": [[0.24177635557870453, 0.7582236444212962, 0.0], [0.0, 0.9014015417173393, 0.09859845828265916], [0.0, 0.0, 1.0]], "D_5": -0.3146659588038064, "D_10": -0.7526092163351215}, {"D_8": -0.36215480361534597, "D_9": -0.4978356112422931, "D_2": 0.11784215559666798, "D_3": 1.3624696121491113, "D_0": -0.25798792304668583, "D_1": 1.118539868484139, "D_6": -1.865662938528414, "D_11": -0.8415019769994284, "D_4": -1.0640645782525078, "D_7": 0.5850041692888334, "D_5": -0.14970290454263896, "D_10": -0.4917956573082868, "Trans": [[0.8987718554640035, 0.1012281445359973, 0.0], [0.0, 0.48051643599086236, 0.519483564009137], [0.0, 0.0, 1.0]], "Pi": [0.9222965020844305, 0.05273006801743662, 0.024973429898132133], "Emit": [[0.7104313022921181, 0.28956869770788185], [0.3888628506007791, 0.6111371493992209], [0.10731592554303446, 0.8926840744569655]]}, {"D_8": -0.25690579569974303, "D_9": -0.20639454018946812, "Emit": [[0.65189634849106315, 0.34810365150893691], [0.27245126018168297, 0.72754873981831703], [0.083969645737972401, 0.91603035426202761]], "D_2": 0.33765776930045682, "D_3": 1.4602689407936353, "D_0": -0.042427650254794759, "D_1": 1.118460561644375, "D_6": -1.7140487368310835, "D_11": -0.5276899882604873, "D_4": -0.97197303205802388, "D_7": 0.88326634141190075, "Pi": [0.95368455569196386, 0.022870392794255758, 0.023445051513781543], "Trans": [[0.90393290180537844, 0.096067098194621448, 0.0], [0.0, 0.25079000013042507, 0.74920999986957493], [0.0, 0.0, 1.0]], "D_5": 0.34855619378753461, "D_10": -0.33450178268673852}]