[{"Pi": [0.0730744376080523, 0.8897259701656468, 0.03719959222630111], "D_2": 0.0, "D_3": 0.0, "D_0": 0.0, "D_1": 0.0, "D_4": 0.0, "D_5": 0.0, "Trans": [[0.6428171376747102, 0.3571828623252892, 0.0], [0.0, 0.7992499890364235, 0.20075001096357786], [0.0, 0.0, 1.0]], "Emit": [[0.8484576380563844, 0.15154236194361562], [0.6899742875353474, 0.31002571246465266], [0.1812635644805827, 0.8187364355194173]]}, {"Trans": [[0.5227490545125312, 0.4772509454874688, 0.0], [0.0, 0.8291257891093922, 0.17087421089060795], [0.0, 0.0, 1.0]], "D_2": 0.0, "D_3": 0.0, "D_0": 0.0, "D_1": 0.0, "D_4": 0.0, "D_5": 0.0, "Pi": [0.07679552448115305, 0.899140503039418, 0.024063972479428916], "Emit": [[0.9066905607019937, 0.09330943929800625], [0.6983413803607731, 0.3016586196392269], [0.12125624380733094, 0.8787437561926691]]}, {"Pi": [0.14061886356850545, 0.8298609540645111, 0.02952018236698379], "D_2": 0.0, "D_3": 0.0, "D_0": 0.0, "D_1": 0.0, "D_4": 0.0, "D_5": 0.0, "Trans": [[0.7677855135059084, 0.23221448649409127, 0.0], [0.0, 0.81956846989355092, 0.18043153010644794], [0.0, 0.0, 1.0]], "Emit": [[0.85534285852768432, 0.14465714147231573], [0.67792156084102873, 0.32207843915897127], [0.16053572017639287, 0.83946427982360716]]}]