[{"D_17": -0.37687925944274125, "D_25": -0.35132000743765807, "D_24": -1.6444263587043049, "D_27": -0.8747205180187294, "D_26": 0.7980612141129974, "D_21": -0.9668323815480182, "D_20": -1.1099596396856386, "D_23": 0.12626181539844206, "D_22": 1.1048105652748244, "Pi": [0.45688550127229777, 0.4973226977125784, 0.04579180101512401], "D_29": -0.6978496498539415, "D_28": -0.026452996114232803, "D_8": -0.14934988223135645, "D_9": -0.32494822861888506, "D_2": -0.37532325369220143, "D_3": -0.04891679108105428, "D_0": -0.7384610069633019, "D_1": 0.27331389849131843, "D_6": 0.11451176046897493, "D_7": -0.4625492268020424, "D_4": -0.007621052964597398, "D_5": -0.5029694163534933, "Trans": [[0.9175131336309973, 0.08248686636900335, 0.0], [0.0, 0.7293114242497857, 0.27068857575021504], [0.0, 0.0, 1.0]], "Emit": [[0.5839164551823862, 0.4160835448176138], [0.23413128357344315, 0.7658687164265569], [0.14056757454987945, 0.8594324254501206]], "D_18": 0.3512253802255854, "D_19": -0.24481840840703373, "D_14": -0.22221608895983622, "D_15": 0.34972166184435405, "D_16": -0.8142379170681333, "D_31": -0.5028090107989119, "D_10": -0.916849137766214, "D_11": 0.27654667678645034, "D_12": -1.0600043227778373, "D_13": 0.8382739756073836, "D_32": 0.37046835251296406, "D_33": -0.5699486728080002, "D_30": 0.42902316056570294}, {"D_31": -0.16225471223254812, "D_25": 0.0005350732674698501, "D_24": -0.9033289417782012, "D_27": -0.27110105713449345, "D_26": 1.2098434024226477, "D_21": -0.41049912807908695, "D_20": -0.7698640438257818, "D_23": 0.5217419401122521, "D_22": 1.3569177302735567, "Pi": [0.7436442564324794, 0.10462898188926396, 0.15172676167825688], "D_29": -0.3372793256718356, "D_28": 0.07967386321428768, "D_8": 0.23493550505738797, "D_9": 0.23446730729322443, "D_2": 0.12202298577612126, "D_3": 0.3427963337446682, "D_0": -0.4459342411538242, "D_1": 0.699403685009583, "D_6": 0.7854265150421996, "D_7": -0.1015062950077158, "D_4": 0.3686497066596565, "D_5": -0.008479867893141473, "Trans": [[0.9150027311799078, 0.0849972688200916, 0.0], [0.0, 0.748662329363926, 0.2513376706360734], [0.0, 0.0, 1.0]], "Emit": [[0.42749553201736834, 0.5725044679826317], [0.1481837527368013, 0.8518162472631987], [0.08740265655172051, 0.9125973434482795]], "D_18": 0.6850043296912924, "D_19": 0.36451811117939653, "D_14": 0.015662016785158092, "D_15": 0.8362214472363536, "D_16": -0.036941685904778636, "D_17": 0.14324811743189805, "D_10": -0.6754788159100379, "D_11": 0.44272803604760314, "D_12": -0.49756473203128665, "D_13": 1.0655970253114266, "D_32": 0.444960355882321, "D_33": 0.09004381684939065, "D_30": 0.8248119701253439}, {"D_17": -1.4756199646396537, "D_25": -1.5470206716471311, "D_24": -1.8517418015547757, "D_27": -1.6821438338494565, "D_26": 0.079124720398154311, "D_21": -1.8484905453223015, "D_20": -2.1823155803476504, "D_23": -0.63238621409671725, "D_22": 0.29568713413870001, "Pi": [0.17071552158456818, 0.65230785618537224, 0.17697662223005983], "D_29": -1.8574274883442139, "D_28": -0.87512561096595842, "D_8": -1.6019671218501197, "D_9": -1.2119530623215591, "D_2": -1.213103456105634, "D_3": -1.0484398663031711, "D_0": -2.0393015060729311, "D_1": -0.19209077663303623, "D_6": -0.48225297033101427, "D_7": -1.5716179844003246, "D_4": -0.7943955808283687, "D_5": -1.2379449419399666, "Trans": [[0.85465848962896795, 0.14534151037103193, 0.0], [0.0, 0.78070905152700765, 0.21929094847299305], [0.0, 0.0, 1.0]], "Emit": [[0.89037652306779025, 0.10962347693220971], [0.63471292746216901, 0.36528707253783099], [0.2884532975919602, 0.71154670240803974]], "D_18": -0.39348604550645877, "D_19": -1.7734337944239094, "D_14": -1.0282873121370397, "D_15": -0.44283983154459344, "D_16": -1.7538538283401113, "D_31": -1.8707453438113362, "D_10": -2.4917207889817146, "D_11": -0.6780228466206385, "D_12": -2.0239721050173731, "D_13": 0.1371392799947897, "D_32": -0.31376111587990269, "D_33": -1.3182902659707982, "D_30": -0.43162016695187727}]